[    0.52763    -0.52442     0.47344     0.47163       0.117       4.707     -2.1814] 1703.117919921875
[    0.52763    -0.52442     0.47344     0.47163       0.117       4.707     -2.1814] 1703.1182861328125
[    0.52763    -0.52442     0.47344     0.47163       0.117       4.707     -2.1814] 1703.11767578125
[    0.52763    -0.52442     0.47344     0.47163       0.117       4.707     -2.1814] 1703.11767578125
[    0.52763    -0.52442     0.47344     0.47163       0.117       4.707     -2.1814] 1703.11767578125
[    0.52763    -0.52442     0.47344     0.47163       0.117       4.707     -2.1814] 1703.117919921875
[    0.52763    -0.52442     0.47344     0.47163       0.117       4.707     -2.1814] 1703.117919921875
[    0.52763    -0.52442     0.47344     0.47163       0.117       4.707     -2.1814] 1703.117919921875
[         -1           1           1           1       0.117       4.707     -2.1814] 2579.48974609375
[         -1           1           1           1       0.117       4.707     -2.1814] 2579.48974609375
[         -1           1           1           1       0.117       4.707     -2.1814] 2579.48974609375
[         -1           1           1           1       0.117       4.707     -2.1814] 2579.48974609375
[         -1           1           1           1       0.117       4.707     -2.1814] 2579.48974609375
[         -1           1           1           1       0.117       4.707     -2.1814] 2579.48974609375
[         -1           1           1           1       0.117       4.707     -2.1814] 2579.48974609375
[         -1           1           1           1       0.117       4.707     -2.1814] 2579.48974609375
[   0.025819   -0.023664     0.64641      0.6452       0.117       4.707     -2.1814] 500594.78125
[   0.025819   -0.023664     0.64641      0.6452       0.117       4.707     -2.1814] 500594.59375
[   0.025819   -0.023664     0.64641      0.6452       0.117       4.707     -2.1814] 500594.90625
[   0.025819   -0.023664     0.64641      0.6452       0.117       4.707     -2.1814] 500594.78125
[   0.025819   -0.023664     0.64641      0.6452       0.117       4.707     -2.1814] 500594.78125
[   0.025819   -0.023664     0.64641      0.6452       0.117       4.707     -2.1814] 500594.78125
[   0.025819   -0.023664     0.64641      0.6452       0.117       4.707     -2.1814] 500594.78125
[   0.025819   -0.023664     0.64641      0.6452       0.117       4.707     -2.1814] 500594.75
[    0.35706     -0.3542     0.53224     0.53063       0.117       4.707     -2.1814] 9068.0048828125
[    0.35706     -0.3542     0.53224     0.53063       0.117       4.707     -2.1814] 9068.0048828125
[    0.35706     -0.3542     0.53224     0.53063       0.117       4.707     -2.1814] 9068.005859375
[    0.35706     -0.3542     0.53224     0.53063       0.117       4.707     -2.1814] 9068.005859375
[    0.35706     -0.3542     0.53224     0.53063       0.117       4.707     -2.1814] 9068.005859375
[    0.35706     -0.3542     0.53224     0.53063       0.117       4.707     -2.1814] 9068.0048828125
[    0.35706     -0.3542     0.53224     0.53063       0.117       4.707     -2.1814] 9068.005859375
[    0.35706     -0.3542     0.53224     0.53063       0.117       4.707     -2.1814] 9068.0048828125
[    0.47269     -0.4696     0.49238     0.49063       0.117       4.707     -2.1814] 1489.033447265625
[    0.47269     -0.4696     0.49238     0.49063       0.117       4.707     -2.1814] 1489.033203125
[    0.47269     -0.4696     0.49238     0.49063       0.117       4.707     -2.1814] 1489.033447265625
[    0.47269     -0.4696     0.49238     0.49063       0.117       4.707     -2.1814] 1489.033447265625
[    0.47269     -0.4696     0.49238     0.49063       0.117       4.707     -2.1814] 1489.033447265625
[    0.47269     -0.4696     0.49238     0.49063       0.117       4.707     -2.1814] 1489.033447265625
[    0.47269     -0.4696     0.49238     0.49063       0.117       4.707     -2.1814] 1489.033447265625
[    0.47269     -0.4696     0.49238     0.49063       0.117       4.707     -2.1814] 1489.033447265625
[    0.49411    -0.47502     0.49439     0.49263       0.117       4.707     -2.1814] 1410.607666015625
[    0.49411    -0.47502     0.49439     0.49263       0.117       4.707     -2.1814] 1410.607666015625
[    0.49411    -0.47502     0.49439     0.49263       0.117       4.707     -2.1814] 1410.60791015625
[    0.49411    -0.47502     0.49439     0.49263       0.117       4.707     -2.1814] 1410.6077880859375
[    0.49411    -0.47502     0.49439     0.49263       0.117       4.707     -2.1814] 1410.60791015625
[    0.49411    -0.47502     0.49439     0.49263       0.117       4.707     -2.1814] 1410.607666015625
[    0.49411    -0.47502     0.49439     0.49263       0.117       4.707     -2.1814] 1410.607666015625
[    0.49411    -0.47502     0.49439     0.49263       0.117       4.707     -2.1814] 1410.607666015625
[    0.54312    -0.50988      0.4888      0.4837       0.117       4.707     -2.1814] 1398.9603271484375
[    0.54312    -0.50988      0.4888      0.4837       0.117       4.707     -2.1814] 1398.96044921875
[    0.54312    -0.50988      0.4888      0.4837       0.117       4.707     -2.1814] 1398.9603271484375
[    0.54312    -0.50988      0.4888      0.4837       0.117       4.707     -2.1814] 1398.9599609375
[    0.54312    -0.50988      0.4888      0.4837       0.117       4.707     -2.1814] 1398.9603271484375
[    0.54312    -0.50988      0.4888      0.4837       0.117       4.707     -2.1814] 1398.9603271484375
[    0.54312    -0.50988      0.4888      0.4837       0.117       4.707     -2.1814] 1398.9603271484375
[    0.54312    -0.50988      0.4888      0.4837       0.117       4.707     -2.1814] 1398.9603271484375
[    0.52913    -0.50429      0.4995     0.48261       0.117       4.707     -2.1814] 808.3370361328125
[    0.52913    -0.50429      0.4995     0.48261       0.117       4.707     -2.1814] 808.337158203125
[    0.52913    -0.50429      0.4995     0.48261       0.117       4.707     -2.1814] 808.3369140625
[    0.52913    -0.50429      0.4995     0.48261       0.117       4.707     -2.1814] 808.3367919921875
[    0.52913    -0.50429      0.4995     0.48261       0.117       4.707     -2.1814] 808.3369140625
[    0.52913    -0.50429      0.4995     0.48261       0.117       4.707     -2.1814] 808.3370361328125
[    0.52913    -0.50429      0.4995     0.48261       0.117       4.707     -2.1814] 808.3370361328125
[    0.52913    -0.50429      0.4995     0.48261       0.117       4.707     -2.1814] 808.3370361328125
[  -0.027817    -0.23472     0.80679     0.48044       0.117       4.707     -2.1814] 114797.953125
[  -0.027817    -0.23472     0.80679     0.48044       0.117       4.707     -2.1814] 114797.9375
[  -0.027817    -0.23472     0.80679     0.48044       0.117       4.707     -2.1814] 114797.96875
[  -0.027817    -0.23472     0.80679     0.48044       0.117       4.707     -2.1814] 114797.96875
[  -0.027817    -0.23472     0.80679     0.48044       0.117       4.707     -2.1814] 114797.953125
[  -0.027817    -0.23472     0.80679     0.48044       0.117       4.707     -2.1814] 114797.953125
[  -0.027817    -0.23472     0.80679     0.48044       0.117       4.707     -2.1814] 114797.953125
[  -0.027817    -0.23472     0.80679     0.48044       0.117       4.707     -2.1814] 114797.953125
[    0.33916    -0.41234     0.60431     0.48187       0.117       4.707     -2.1814] 7663.33837890625
[    0.33916    -0.41234     0.60431     0.48187       0.117       4.707     -2.1814] 7663.337890625
[    0.33916    -0.41234     0.60431     0.48187       0.117       4.707     -2.1814] 7663.3388671875
[    0.33916    -0.41234     0.60431     0.48187       0.117       4.707     -2.1814] 7663.3388671875
[    0.33916    -0.41234     0.60431     0.48187       0.117       4.707     -2.1814] 7663.3388671875
[    0.33916    -0.41234     0.60431     0.48187       0.117       4.707     -2.1814] 7663.33837890625
[    0.33916    -0.41234     0.60431     0.48187       0.117       4.707     -2.1814] 7663.33837890625
[    0.33916    -0.41234     0.60431     0.48187       0.117       4.707     -2.1814] 7663.33837890625
[    0.48671    -0.48375     0.52291     0.48245       0.117       4.707     -2.1814] 1518.992431640625
[    0.48671    -0.48375     0.52291     0.48245       0.117       4.707     -2.1814] 1518.9921875
[    0.48671    -0.48375     0.52291     0.48245       0.117       4.707     -2.1814] 1518.992431640625
[    0.48671    -0.48375     0.52291     0.48245       0.117       4.707     -2.1814] 1518.992431640625
[    0.48671    -0.48375     0.52291     0.48245       0.117       4.707     -2.1814] 1518.992431640625
[    0.48671    -0.48375     0.52291     0.48245       0.117       4.707     -2.1814] 1518.992431640625
[    0.48671    -0.48375     0.52291     0.48245       0.117       4.707     -2.1814] 1518.992431640625
[    0.48671    -0.48375     0.52291     0.48245       0.117       4.707     -2.1814] 1518.992431640625
[    0.52037    -0.50005     0.50433     0.48258       0.117       4.707     -2.1814] 783.7037353515625
[    0.52037    -0.50005     0.50433     0.48258       0.117       4.707     -2.1814] 783.7037963867188
[    0.52037    -0.50005     0.50433     0.48258       0.117       4.707     -2.1814] 783.703857421875
[    0.52037    -0.50005     0.50433     0.48258       0.117       4.707     -2.1814] 783.703857421875
[    0.52037    -0.50005     0.50433     0.48258       0.117       4.707     -2.1814] 783.703857421875
[    0.52037    -0.50005     0.50433     0.48258       0.117       4.707     -2.1814] 783.7037353515625
[    0.52037    -0.50005     0.50433     0.48258       0.117       4.707     -2.1814] 783.7037353515625
[    0.52037    -0.50005     0.50433     0.48258       0.117       4.707     -2.1814] 783.7037353515625
[    0.51668    -0.50032     0.50303     0.48154       0.117       4.707     -2.1814] 800.4024658203125
[    0.51668    -0.50032     0.50303     0.48154       0.117       4.707     -2.1814] 800.4024658203125
[    0.51668    -0.50032     0.50303     0.48154       0.117       4.707     -2.1814] 800.402587890625
[    0.51668    -0.50032     0.50303     0.48154       0.117       4.707     -2.1814] 800.4026489257812
[    0.51668    -0.50032     0.50303     0.48154       0.117       4.707     -2.1814] 800.4025268554688
[    0.51668    -0.50032     0.50303     0.48154       0.117       4.707     -2.1814] 800.4024658203125
[    0.51668    -0.50032     0.50303     0.48154       0.117       4.707     -2.1814] 800.4024658203125
[    0.51668    -0.50032     0.50303     0.48154       0.117       4.707     -2.1814] 800.4024658203125
[    0.51975    -0.50009     0.50412      0.4824       0.117       4.707     -2.1814] 785.8779296875
[    0.51975    -0.50009     0.50412      0.4824       0.117       4.707     -2.1814] 785.8777465820312
[    0.51975    -0.50009     0.50412      0.4824       0.117       4.707     -2.1814] 785.8779296875
[    0.51975    -0.50009     0.50412      0.4824       0.117       4.707     -2.1814] 785.8779907226562
[    0.51975    -0.50009     0.50412      0.4824       0.117       4.707     -2.1814] 785.8778686523438
[    0.51975    -0.50009     0.50412      0.4824       0.117       4.707     -2.1814] 785.8779296875
[    0.51975    -0.50009     0.50412      0.4824       0.117       4.707     -2.1814] 785.8779296875
[    0.51975    -0.50009     0.50412      0.4824       0.117       4.707     -2.1814] 785.8779296875
[    0.52014    -0.50006     0.50425     0.48251       0.117       4.707     -2.1814] 784.4720458984375
[    0.52014    -0.50006     0.50425     0.48251       0.117       4.707     -2.1814] 784.4720458984375
[    0.52014    -0.50006     0.50425     0.48251       0.117       4.707     -2.1814] 784.47216796875
[    0.52014    -0.50006     0.50425     0.48251       0.117       4.707     -2.1814] 784.4722290039062
[    0.52014    -0.50006     0.50425     0.48251       0.117       4.707     -2.1814] 784.47216796875
[    0.52014    -0.50006     0.50425     0.48251       0.117       4.707     -2.1814] 784.4720458984375
[    0.52014    -0.50006     0.50425     0.48251       0.117       4.707     -2.1814] 784.4720458984375
[    0.52014    -0.50006     0.50425     0.48251       0.117       4.707     -2.1814] 784.4720458984375
[    0.52033    -0.50005     0.50432     0.48257       0.117       4.707     -2.1814] 783.836181640625
[    0.52033    -0.50005     0.50432     0.48257       0.117       4.707     -2.1814] 783.836181640625
[    0.52033    -0.50005     0.50432     0.48257       0.117       4.707     -2.1814] 783.8362426757812
[    0.52033    -0.50005     0.50432     0.48257       0.117       4.707     -2.1814] 783.8363037109375
[    0.52033    -0.50005     0.50432     0.48257       0.117       4.707     -2.1814] 783.8362426757812
[    0.52033    -0.50005     0.50432     0.48257       0.117       4.707     -2.1814] 783.836181640625
[    0.52033    -0.50005     0.50432     0.48257       0.117       4.707     -2.1814] 783.836181640625
[    0.52033    -0.50005     0.50432     0.48257       0.117       4.707     -2.1814] 783.836181640625
[    0.52036    -0.50005     0.50433     0.48258       0.117       4.707     -2.1814] 783.7296142578125
[    0.52036    -0.50005     0.50433     0.48258       0.117       4.707     -2.1814] 783.7295532226562
[    0.52036    -0.50005     0.50433     0.48258       0.117       4.707     -2.1814] 783.7295532226562
[    0.52036    -0.50005     0.50433     0.48258       0.117       4.707     -2.1814] 783.7295532226562
[    0.52036    -0.50005     0.50433     0.48258       0.117       4.707     -2.1814] 783.7295532226562
[    0.52036    -0.50005     0.50433     0.48258       0.117       4.707     -2.1814] 783.7296142578125
[    0.52036    -0.50005     0.50433     0.48258       0.117       4.707     -2.1814] 783.7296142578125
[    0.52036    -0.50005     0.50433     0.48258       0.117       4.707     -2.1814] 783.7296142578125
[    0.52037    -0.50005     0.50433     0.48258       0.117       4.707     -2.1814] 783.7117309570312
[    0.52037    -0.50005     0.50433     0.48258       0.117       4.707     -2.1814] 783.7116088867188
[    0.52037    -0.50005     0.50433     0.48258       0.117       4.707     -2.1814] 783.7117919921875
[    0.52037    -0.50005     0.50433     0.48258       0.117       4.707     -2.1814] 783.7117919921875
[    0.52037    -0.50005     0.50433     0.48258       0.117       4.707     -2.1814] 783.7117919921875
[    0.52037    -0.50005     0.50433     0.48258       0.117       4.707     -2.1814] 783.7117309570312
[    0.52037    -0.50005     0.50433     0.48258       0.117       4.707     -2.1814] 783.7117309570312
[    0.52037    -0.50005     0.50433     0.48258       0.117       4.707     -2.1814] 783.7117309570312
[    0.52037    -0.50005     0.50433     0.48258       0.117       4.707     -2.1814] 783.7059936523438
[    0.52037    -0.50005     0.50433     0.48258       0.117       4.707     -2.1814] 783.7059326171875
[    0.52037    -0.50005     0.50433     0.48258       0.117       4.707     -2.1814] 783.7061157226562
[    0.52037    -0.50005     0.50433     0.48258       0.117       4.707     -2.1814] 783.7060546875
[    0.52037    -0.50005     0.50433     0.48258       0.117       4.707     -2.1814] 783.7061157226562
[    0.52037    -0.50005     0.50433     0.48258       0.117       4.707     -2.1814] 783.7059936523438
[    0.52037    -0.50005     0.50433     0.48258       0.117       4.707     -2.1814] 783.7059936523438
[    0.52037    -0.50005     0.50433     0.48258       0.117       4.707     -2.1814] 783.7059936523438
[    0.52037    -0.50005     0.50433     0.48258       0.117       4.707     -2.1814] 783.7042236328125
[    0.52037    -0.50005     0.50433     0.48258       0.117       4.707     -2.1814] 783.7041015625
[    0.52037    -0.50005     0.50433     0.48258       0.117       4.707     -2.1814] 783.7042846679688
[    0.52037    -0.50005     0.50433     0.48258       0.117       4.707     -2.1814] 783.7044677734375
[    0.52037    -0.50005     0.50433     0.48258       0.117       4.707     -2.1814] 783.7042236328125
[    0.52037    -0.50005     0.50433     0.48258       0.117       4.707     -2.1814] 783.7042236328125
[    0.52037    -0.50005     0.50433     0.48258       0.117       4.707     -2.1814] 783.704345703125
[    0.52037    -0.50005     0.50433     0.48258       0.117       4.707     -2.1814] 783.7042236328125
[    0.52037    -0.50005     0.50433     0.48258       0.117       4.707     -2.1814] 783.703857421875
[    0.52037    -0.50005     0.50433     0.48258       0.117       4.707     -2.1814] 783.7037963867188
[    0.52037    -0.50005     0.50433     0.48258       0.117       4.707     -2.1814] 783.7039794921875
[    0.52037    -0.50005     0.50433     0.48258       0.117       4.707     -2.1814] 783.7039794921875
[    0.52037    -0.50005     0.50433     0.48258       0.117       4.707     -2.1814] 783.7039184570312
[    0.52037    -0.50005     0.50433     0.48258       0.117       4.707     -2.1814] 783.703857421875
[    0.52037    -0.50005     0.50433     0.48258       0.117       4.707     -2.1814] 783.703857421875
[    0.52037    -0.50005     0.50433     0.48258       0.117       4.707     -2.1814] 783.703857421875
[    0.52037    -0.50005     0.50433     0.48258       0.117       4.707     -2.1814] 783.7036743164062
[    0.52037    -0.50005     0.50433     0.48258       0.117       4.707     -2.1814] 783.7036743164062
[    0.52037    -0.50005     0.50433     0.48258       0.117       4.707     -2.1814] 783.703857421875
[    0.52037    -0.50005     0.50433     0.48258       0.117       4.707     -2.1814] 783.703857421875
[    0.52037    -0.50005     0.50433     0.48258       0.117       4.707     -2.1814] 783.7037963867188
[    0.52037    -0.50005     0.50433     0.48258       0.117       4.707     -2.1814] 783.7036743164062
[    0.52037    -0.50005     0.50433     0.48258       0.117       4.707     -2.1814] 783.7036743164062
[    0.52037    -0.50005     0.50433     0.48258       0.117       4.707     -2.1814] 783.7036743164062
[     0.4783    -0.51315     0.47537     0.46564       0.117       4.707     -2.1814] 963.736083984375
[     0.4783    -0.51315     0.47537     0.46564       0.117       4.707     -2.1814] 963.736083984375
[     0.4783    -0.51315     0.47537     0.46564       0.117       4.707     -2.1814] 963.7359008789062
[     0.4783    -0.51315     0.47537     0.46564       0.117       4.707     -2.1814] 963.7360229492188
[     0.4783    -0.51315     0.47537     0.46564       0.117       4.707     -2.1814] 963.7359008789062
[     0.4783    -0.51315     0.47537     0.46564       0.117       4.707     -2.1814] 963.736083984375
[     0.4783    -0.51315     0.47537     0.46564       0.117       4.707     -2.1814] 963.736083984375
[     0.4783    -0.51315     0.47537     0.46564       0.117       4.707     -2.1814] 963.736083984375
[    0.50631    -0.50443     0.49465     0.47691       0.117       4.707     -2.1814] 875.068115234375
[    0.50631    -0.50443     0.49465     0.47691       0.117       4.707     -2.1814] 875.0679931640625
[    0.50631    -0.50443     0.49465     0.47691       0.117       4.707     -2.1814] 875.0679931640625
[    0.50631    -0.50443     0.49465     0.47691       0.117       4.707     -2.1814] 875.0682983398438
[    0.50631    -0.50443     0.49465     0.47691       0.117       4.707     -2.1814] 875.0679931640625
[    0.50631    -0.50443     0.49465     0.47691       0.117       4.707     -2.1814] 875.068115234375
[    0.50631    -0.50443     0.49465     0.47691       0.117       4.707     -2.1814] 875.068115234375
[    0.50631    -0.50443     0.49465     0.47691       0.117       4.707     -2.1814] 875.068115234375
[    0.51692    -0.50112     0.50196     0.48119       0.117       4.707     -2.1814] 782.881103515625
[    0.51692    -0.50112     0.50196     0.48119       0.117       4.707     -2.1814] 782.881103515625
[    0.51692    -0.50112     0.50196     0.48119       0.117       4.707     -2.1814] 782.8810424804688
[    0.51692    -0.50112     0.50196     0.48119       0.117       4.707     -2.1814] 782.8812255859375
[    0.51692    -0.50112     0.50196     0.48119       0.117       4.707     -2.1814] 782.8810424804688
[    0.51692    -0.50112     0.50196     0.48119       0.117       4.707     -2.1814] 782.881103515625
[    0.51692    -0.50112     0.50196     0.48119       0.117       4.707     -2.1814] 782.881103515625
[    0.51692    -0.50112     0.50196     0.48119       0.117       4.707     -2.1814] 782.881103515625
[    0.51357    -0.50055     0.49803     0.48097       0.117       4.707     -2.1814] 770.0692138671875
[    0.51357    -0.50055     0.49803     0.48097       0.117       4.707     -2.1814] 770.0691528320312
[    0.51357    -0.50055     0.49803     0.48097       0.117       4.707     -2.1814] 770.0692138671875
[    0.51357    -0.50055     0.49803     0.48097       0.117       4.707     -2.1814] 770.0692749023438
[    0.51357    -0.50055     0.49803     0.48097       0.117       4.707     -2.1814] 770.0692749023438
[    0.51357    -0.50055     0.49803     0.48097       0.117       4.707     -2.1814] 770.0692138671875
[    0.51357    -0.50055     0.49803     0.48097       0.117       4.707     -2.1814] 770.0692138671875
[    0.51357    -0.50055     0.49803     0.48097       0.117       4.707     -2.1814] 770.0692138671875
[    0.51304     -0.4995     0.49646     0.47979       0.117       4.707     -2.1814] 760.0481567382812
[    0.51304     -0.4995     0.49646     0.47979       0.117       4.707     -2.1814] 760.0480346679688
[    0.51304     -0.4995     0.49646     0.47979       0.117       4.707     -2.1814] 760.048095703125
[    0.51304     -0.4995     0.49646     0.47979       0.117       4.707     -2.1814] 760.0482788085938
[    0.51304     -0.4995     0.49646     0.47979       0.117       4.707     -2.1814] 760.048095703125
[    0.51304     -0.4995     0.49646     0.47979       0.117       4.707     -2.1814] 760.0481567382812
[    0.51304     -0.4995     0.49646     0.47979       0.117       4.707     -2.1814] 760.0481567382812
[    0.51304     -0.4995     0.49646     0.47979       0.117       4.707     -2.1814] 760.0481567382812
[    0.47192    -0.39611     0.35195     0.37542       0.117       4.707     -2.1814] 3532.43359375
[    0.47192    -0.39611     0.35195     0.37542       0.117       4.707     -2.1814] 3532.43359375
[    0.47192    -0.39611     0.35195     0.37542       0.117       4.707     -2.1814] 3532.43359375
[    0.47192    -0.39611     0.35195     0.37542       0.117       4.707     -2.1814] 3532.43310546875
[    0.47192    -0.39611     0.35195     0.37542       0.117       4.707     -2.1814] 3532.43359375
[    0.47192    -0.39611     0.35195     0.37542       0.117       4.707     -2.1814] 3532.43359375
[    0.47192    -0.39611     0.35195     0.37542       0.117       4.707     -2.1814] 3532.43359375
[    0.47192    -0.39611     0.35195     0.37542       0.117       4.707     -2.1814] 3532.43359375
[    0.50647    -0.48297     0.47336     0.46311       0.117       4.707     -2.1814] 914.888671875
[    0.50647    -0.48297     0.47336     0.46311       0.117       4.707     -2.1814] 914.8889770507812
[    0.50647    -0.48297     0.47336     0.46311       0.117       4.707     -2.1814] 914.8887329101562
[    0.50647    -0.48297     0.47336     0.46311       0.117       4.707     -2.1814] 914.8883056640625
[    0.50647    -0.48297     0.47336     0.46311       0.117       4.707     -2.1814] 914.8887329101562
[    0.50647    -0.48297     0.47336     0.46311       0.117       4.707     -2.1814] 914.888671875
[    0.50647    -0.48297     0.47336     0.46311       0.117       4.707     -2.1814] 914.888671875
[    0.50647    -0.48297     0.47336     0.46311       0.117       4.707     -2.1814] 914.888671875
[    0.51098    -0.49431     0.48921     0.47456       0.117       4.707     -2.1814] 736.3280029296875
[    0.51098    -0.49431     0.48921     0.47456       0.117       4.707     -2.1814] 736.3280029296875
[    0.51098    -0.49431     0.48921     0.47456       0.117       4.707     -2.1814] 736.3279418945312
[    0.51098    -0.49431     0.48921     0.47456       0.117       4.707     -2.1814] 736.327880859375
[    0.51098    -0.49431     0.48921     0.47456       0.117       4.707     -2.1814] 736.3279418945312
[    0.51098    -0.49431     0.48921     0.47456       0.117       4.707     -2.1814] 736.3280029296875
[    0.51098    -0.49431     0.48921     0.47456       0.117       4.707     -2.1814] 736.3280029296875
[    0.51098    -0.49431     0.48921     0.47456       0.117       4.707     -2.1814] 736.3280029296875
[    0.51219    -0.49735     0.49345     0.47762       0.117       4.707     -2.1814] 744.5119018554688
[    0.51219    -0.49735     0.49345     0.47762       0.117       4.707     -2.1814] 744.51171875
[    0.51219    -0.49735     0.49345     0.47762       0.117       4.707     -2.1814] 744.5118408203125
[    0.51219    -0.49735     0.49345     0.47762       0.117       4.707     -2.1814] 744.511962890625
[    0.51219    -0.49735     0.49345     0.47762       0.117       4.707     -2.1814] 744.5118408203125
[    0.51219    -0.49735     0.49345     0.47762       0.117       4.707     -2.1814] 744.511962890625
[    0.51219    -0.49735     0.49345     0.47762       0.117       4.707     -2.1814] 744.5119018554688
[    0.51219    -0.49735     0.49345     0.47762       0.117       4.707     -2.1814] 744.5119018554688
[    0.51401    -0.49185     0.48978     0.47225     0.11557       4.707     -2.1814] 742.5867309570312
[    0.51401    -0.49185     0.48978     0.47225     0.11557       4.707     -2.1814] 742.5867309570312
[    0.51401    -0.49185     0.48978     0.47225     0.11557       4.707     -2.1814] 742.5867309570312
[    0.51401    -0.49185     0.48978     0.47225     0.11557       4.707     -2.1814] 742.586669921875
[    0.51401    -0.49185     0.48978     0.47225     0.11557       4.707     -2.1814] 742.5866088867188
[    0.51401    -0.49185     0.48978     0.47225     0.11557       4.707     -2.1814] 742.5867309570312
[    0.51401    -0.49185     0.48978     0.47225     0.11557       4.707     -2.1814] 742.5867309570312
[    0.51401    -0.49185     0.48978     0.47225     0.11557       4.707     -2.1814] 742.5867309570312
[    0.51296      -0.495     0.49188     0.47533     0.11639       4.707     -2.1814] 737.3858642578125
[    0.51296      -0.495     0.49188     0.47533     0.11639       4.707     -2.1814] 737.3859252929688
[    0.51296      -0.495     0.49188     0.47533     0.11639       4.707     -2.1814] 737.3858642578125
[    0.51296      -0.495     0.49188     0.47533     0.11639       4.707     -2.1814] 737.3859252929688
[    0.51296      -0.495     0.49188     0.47533     0.11639       4.707     -2.1814] 737.3858642578125
[    0.51296      -0.495     0.49188     0.47533     0.11639       4.707     -2.1814] 737.3858642578125
[    0.51296      -0.495     0.49188     0.47533     0.11639       4.707     -2.1814] 737.3858642578125
[    0.51296      -0.495     0.49188     0.47533     0.11639       4.707     -2.1814] 737.3858642578125
[    0.51283     -0.4891     0.48585     0.46947     0.11512       4.707     -2.1814] 775.0560913085938
[    0.51283     -0.4891     0.48585     0.46947     0.11512       4.707     -2.1814] 775.05615234375
[    0.51283     -0.4891     0.48585     0.46947     0.11512       4.707     -2.1814] 775.0559692382812
[    0.51283     -0.4891     0.48585     0.46947     0.11512       4.707     -2.1814] 775.0557861328125
[    0.51283     -0.4891     0.48585     0.46947     0.11512       4.707     -2.1814] 775.0559692382812
[    0.51283     -0.4891     0.48585     0.46947     0.11512       4.707     -2.1814] 775.0560913085938
[    0.51283     -0.4891     0.48585     0.46947     0.11512       4.707     -2.1814] 775.0560913085938
[    0.51283     -0.4891     0.48585     0.46947     0.11512       4.707     -2.1814] 775.0560913085938
[    0.51292    -0.49309     0.48993     0.47343     0.11598       4.707     -2.1814] 737.3714599609375
[    0.51292    -0.49309     0.48993     0.47343     0.11598       4.707     -2.1814] 737.3714599609375
[    0.51292    -0.49309     0.48993     0.47343     0.11598       4.707     -2.1814] 737.371337890625
[    0.51292    -0.49309     0.48993     0.47343     0.11598       4.707     -2.1814] 737.3714599609375
[    0.51292    -0.49309     0.48993     0.47343     0.11598       4.707     -2.1814] 737.371337890625
[    0.51292    -0.49309     0.48993     0.47343     0.11598       4.707     -2.1814] 737.3714599609375
[    0.51292    -0.49309     0.48993     0.47343     0.11598       4.707     -2.1814] 737.3714599609375
[    0.51292    -0.49309     0.48993     0.47343     0.11598       4.707     -2.1814] 737.3714599609375
[    0.51291    -0.49284     0.48968     0.47331     0.11592       4.707     -2.1814] 737.4132080078125
[    0.51291    -0.49284     0.48968     0.47331     0.11592       4.707     -2.1814] 737.4132080078125
[    0.51291    -0.49284     0.48968     0.47331     0.11592       4.707     -2.1814] 737.4130859375
[    0.51291    -0.49284     0.48968     0.47331     0.11592       4.707     -2.1814] 737.4132080078125
[    0.51291    -0.49284     0.48968     0.47331     0.11592       4.707     -2.1814] 737.4130859375
[    0.51291    -0.49284     0.48968     0.47331     0.11592       4.707     -2.1814] 737.4132690429688
[    0.51291    -0.49284     0.48968     0.47331     0.11592       4.707     -2.1814] 737.4132080078125
[    0.51291    -0.49284     0.48968     0.47331     0.11592       4.707     -2.1814] 737.4132080078125
[    0.51292    -0.49304     0.48988     0.47341     0.11597       4.707     -2.1814] 737.3541870117188
[    0.51292    -0.49304     0.48988     0.47341     0.11597       4.707     -2.1814] 737.3541259765625
[    0.51292    -0.49304     0.48988     0.47341     0.11597       4.707     -2.1814] 737.3540649414062
[    0.51292    -0.49304     0.48988     0.47341     0.11597       4.707     -2.1814] 737.3540649414062
[    0.51292    -0.49304     0.48988     0.47341     0.11597       4.707     -2.1814] 737.3540649414062
[    0.51292    -0.49304     0.48988     0.47341     0.11597       4.707     -2.1814] 737.3541870117188
[    0.51292    -0.49304     0.48988     0.47341     0.11597       4.707     -2.1814] 737.3541870117188
[    0.51292    -0.49304     0.48988     0.47341     0.11597       4.707     -2.1814] 737.3541870117188
[    0.51292    -0.49307     0.48991     0.47342     0.11598       4.707     -2.1814] 737.3621215820312
[    0.51292    -0.49307     0.48991     0.47342     0.11598       4.707     -2.1814] 737.3621826171875
[    0.51292    -0.49307     0.48991     0.47342     0.11598       4.707     -2.1814] 737.3621215820312
[    0.51292    -0.49307     0.48991     0.47342     0.11598       4.707     -2.1814] 737.362060546875
[    0.51292    -0.49307     0.48991     0.47342     0.11598       4.707     -2.1814] 737.362060546875
[    0.51292    -0.49307     0.48991     0.47342     0.11598       4.707     -2.1814] 737.3621215820312
[    0.51292    -0.49307     0.48991     0.47342     0.11598       4.707     -2.1814] 737.3621215820312
[    0.51292    -0.49307     0.48991     0.47342     0.11598       4.707     -2.1814] 737.3621215820312
[    0.51292    -0.49305     0.48989     0.47341     0.11597       4.707     -2.1814] 737.3553466796875
[    0.51292    -0.49305     0.48989     0.47341     0.11597       4.707     -2.1814] 737.3553466796875
[    0.51292    -0.49305     0.48989     0.47341     0.11597       4.707     -2.1814] 737.3552856445312
[    0.51292    -0.49305     0.48989     0.47341     0.11597       4.707     -2.1814] 737.3552856445312
[    0.51292    -0.49305     0.48989     0.47341     0.11597       4.707     -2.1814] 737.3552856445312
[    0.51292    -0.49305     0.48989     0.47341     0.11597       4.707     -2.1814] 737.3553466796875
[    0.51292    -0.49305     0.48989     0.47341     0.11597       4.707     -2.1814] 737.3553466796875
[    0.51292    -0.49305     0.48989     0.47341     0.11597       4.707     -2.1814] 737.3553466796875
[    0.51279    -0.49361     0.49032     0.47439     0.11607       4.707     -2.1814] 733.8344116210938
[    0.51279    -0.49361     0.49032     0.47439     0.11607       4.707     -2.1814] 733.8342895507812
[    0.51279    -0.49361     0.49032     0.47439     0.11607       4.707     -2.1814] 733.8342895507812
[    0.51279    -0.49361     0.49032     0.47439     0.11607       4.707     -2.1814] 733.8344116210938
[    0.51279    -0.49361     0.49032     0.47439     0.11607       4.707     -2.1814] 733.8342895507812
[    0.51279    -0.49361     0.49032     0.47439     0.11607       4.707     -2.1814] 733.8344116210938
[    0.51279    -0.49361     0.49032     0.47439     0.11607       4.707     -2.1814] 733.8344116210938
[    0.51279    -0.49361     0.49032     0.47439     0.11607       4.707     -2.1814] 733.8344116210938
[    0.51254    -0.49821     0.49467     0.48325     0.11691       4.707     -2.1814] 755.23779296875
[    0.51254    -0.49821     0.49467     0.48325     0.11691       4.707     -2.1814] 755.2376708984375
[    0.51254    -0.49821     0.49467     0.48325     0.11691       4.707     -2.1814] 755.2379150390625
[    0.51254    -0.49821     0.49467     0.48325     0.11691       4.707     -2.1814] 755.2379760742188
[    0.51254    -0.49821     0.49467     0.48325     0.11691       4.707     -2.1814] 755.2379150390625
[    0.51254    -0.49821     0.49467     0.48325     0.11691       4.707     -2.1814] 755.23779296875
[    0.51254    -0.49821     0.49467     0.48325     0.11691       4.707     -2.1814] 755.23779296875
[    0.51254    -0.49821     0.49467     0.48325     0.11691       4.707     -2.1814] 755.23779296875
[    0.51269    -0.49542     0.49203     0.47788      0.1164       4.707     -2.1814] 731.9479370117188
[    0.51269    -0.49542     0.49203     0.47788      0.1164       4.707     -2.1814] 731.9479370117188
[    0.51269    -0.49542     0.49203     0.47788      0.1164       4.707     -2.1814] 731.947998046875
[    0.51269    -0.49542     0.49203     0.47788      0.1164       4.707     -2.1814] 731.9479370117188
[    0.51269    -0.49542     0.49203     0.47788      0.1164       4.707     -2.1814] 731.9478759765625
[    0.51269    -0.49542     0.49203     0.47788      0.1164       4.707     -2.1814] 731.9479370117188
[    0.51269    -0.49542     0.49203     0.47788      0.1164       4.707     -2.1814] 731.9479370117188
[    0.51269    -0.49542     0.49203     0.47788      0.1164       4.707     -2.1814] 731.9479370117188
[    0.51265    -0.49628     0.49284     0.47953     0.11655       4.707     -2.1814] 736.2034301757812
[    0.51265    -0.49628     0.49284     0.47953     0.11655       4.707     -2.1814] 736.2034301757812
[    0.51265    -0.49628     0.49284     0.47953     0.11655       4.707     -2.1814] 736.2034912109375
[    0.51265    -0.49628     0.49284     0.47953     0.11655       4.707     -2.1814] 736.2034301757812
[    0.51265    -0.49628     0.49284     0.47953     0.11655       4.707     -2.1814] 736.2034912109375
[    0.51265    -0.49628     0.49284     0.47953     0.11655       4.707     -2.1814] 736.2034301757812
[    0.51265    -0.49628     0.49284     0.47953     0.11655       4.707     -2.1814] 736.2034301757812
[    0.51265    -0.49628     0.49284     0.47953     0.11655       4.707     -2.1814] 736.2034301757812
[    0.51268    -0.49563     0.49223     0.47828     0.11644       4.707     -2.1814] 732.65087890625
[    0.51268    -0.49563     0.49223     0.47828     0.11644       4.707     -2.1814] 732.65087890625
[    0.51268    -0.49563     0.49223     0.47828     0.11644       4.707     -2.1814] 732.65087890625
[    0.51268    -0.49563     0.49223     0.47828     0.11644       4.707     -2.1814] 732.65087890625
[    0.51268    -0.49563     0.49223     0.47828     0.11644       4.707     -2.1814] 732.65087890625
[    0.51268    -0.49563     0.49223     0.47828     0.11644       4.707     -2.1814] 732.65087890625
[    0.51268    -0.49563     0.49223     0.47828     0.11644       4.707     -2.1814] 732.65087890625
[    0.51268    -0.49563     0.49223     0.47828     0.11644       4.707     -2.1814] 732.65087890625
